# Created by Octave 4.2.2, Sat Feb 01 11:47:00 2020 EET <luisto@Yoga-Nasu>
# name: constantCollection
# type: matrix
# rows: 9
# columns: 3
 -2.105227151762183 2.314209171822307 2.893984917278247
 4.752364003408742 1.971507727213002 -2.810803266364676
 3.69118850295562 2.32305425073523 -3.18931331158454
 4.246293768248483 1.528610803282807 -1.800660434975268
 3.514399809062522 4.373976474241761 2.049347094562503
 2.468104527386559 1.305338164617443 -0.8785254284492744
 0 0 -0.2905486779878913
 0 0 2.737309722221035
 0 0 4.714069601480819


