# Created by Octave 4.2.2, Sat Feb 01 11:47:00 2020 EET <luisto@Yoga-Nasu>
# name: weightCollection
# type: matrix
# ndims: 3
 9 9 3
 0.8595595853456173
 4.484453282856846
 -2.70704951225023
 4.982309627846514
 -0.2633889967054553
 2.037616221586064
 -3.273150023224107
 -2.313090354854379
 0.8871273288235304
 3.646497825295642
 1.931959023289749
 -1.289652406062481
 4.714829643698603
 4.572776038105333
 0.002543266562373692
 -0.9760830894188705
 -2.490962067443485
 4.967632973540713
 -0.8138287795724058
 -3.230176392834665
 2.068005750202774
 -1.769090423888447
 3.177356729445036
 -0.6154019504868208
 0.08117937457166935
 4.708930846994173
 -1.242483422590128
 -3.803258172311241
 -4.497903923503152
 -2.36921542413112
 0.340664416635259
 -3.553236036732348
 -3.88890052133212
 3.749513728795428
 -0.08496267531374835
 -4.049443288276537
 0.2154703770956301
 1.06731037642975
 0.02136859763176346
 -4.596221536930515
 -0.7372770493105202
 2.594765283070438
 4.237521533750984
 4.141035675052565
 4.382340676086695
 2.398957907666666
 -2.998437159660941
 0.8620142272292375
 -3.237866545184264
 -4.792239160048355
 -0.02375244274196942
 3.873769028008345
 -1.373583428183822
 -2.911923288836053
 0
 0
 0
 0
 0
 0
 0
 0
 0
 0
 0
 0
 0
 0
 0
 0
 0
 0
 0
 0
 0
 0
 0
 0
 0
 0
 0
 4.464208032357396
 2.368329416390717
 1.249233445985805
 -0.4449989819471672
 0.8598227720950513
 2.071609408931219
 0
 0
 0
 3.940045547182192
 3.155515316028985
 -2.242749755466961
 4.154551796570947
 0.441054575276163
 -0.04639410265592503
 0
 0
 0
 -4.690660048005546
 3.386636123499321
 -1.20581461082311
 -3.891478075663271
 3.430221756862353
 2.339021384969175
 0
 0
 0
 -0.5678118411262961
 2.916979039096964
 4.668045359486946
 -1.832780851356702
 1.109048712519964
 -3.994551043863177
 0
 0
 0
 -4.660391027076855
 4.967902161455314
 -4.946724909939151
 -2.759395823615128
 0.5529679743140747
 2.89318861028713
 0
 0
 0
 -3.985016015712751
 -3.623936392567378
 -3.421085153059705
 1.42800311333676
 4.771353458791841
 1.397101006993895
 0
 0
 0
 0
 0
 0
 0
 0
 0
 0
 0
 0
 0
 0
 0
 0
 0
 0
 0
 0
 0
 0
 0
 0
 0
 0
 0
 0
 0
 0
 -2.755527795754074
 -0.008674035497064378
 0.3664568710805061
 -0.6093125033171765
 0.1750478260578271
 -2.436791090746692
 0
 0
 0
 2.784200558753323
 -4.27798595000742
 4.126475491690676
 2.599009577113169
 -3.055188112696505
 -0.3171956269154158
 0
 0
 0
 0.934143173218689
 -1.252886204544868
 -2.720896131733937
 5.331033778051353
 1.357392198093416
 -3.246174176083886
 0
 0
 0
 2.962133827611655
 0.9664006335417158
 -1.707897799860318
 -1.887125492244249
 2.194741773993031
 -0.6782223909403062
 0
 0
 0
 -2.656127577233732
 -2.00048366764112
 -0.9711814992219534
 3.413961556508771
 0.4069806915167347
 -1.633632925830476
 0
 0
 0
 -1.677781518538577
 4.035514933531513
 -0.3518565977084331
 -1.095797826335427
 -0.1252159765474836
 2.310515119189675
 0
 0
 0
 1.439297052956818
 2.072234846695518
 2.523118615595135
 -4.117451646497052
 -1.956302935723317
 -3.655359033521053
 0
 0
 0
 -0.2020437912686223
 0.1002513470089239
 -0.4858580829665275
 -3.223970685942459
 1.39494750574861
 1.288424741755923
 0
 0
 0
 -1.952300667293842
 -4.090613721555798
 0.8053911369764519
 -0.1225967218277739
 1.225104079610826
 1.509408137963482
 0
 0
 0


