# Created by Octave 4.2.2, Sat Feb 01 11:47:00 2020 EET <luisto@Yoga-Nasu>
# name: trainingDataArray
# type: matrix
# rows: 18
# columns: 10
 3.228926892054798 1.687403076729701 -2.670474158764586 3.328029194787891 -4.717825563779668 4.811049751690626 3.844636911448431 2.462849075917878 -0.3273484244802499 -0.4279271710848359
 3.38121474745127 -1.328264405417272 -0.9718096656844438 -0.3696075824124517 -4.045545354940697 -1.193955311845738 2.01924866696236 4.566618404021758 -0.007593284003309386 -3.617430640587207
 -2.522573916949531 -2.769903339076891 0.101537653019198 -4.886478111315731 2.204855391631316 1.923852650708908 4.296304852474523 4.584254498119355 0.98226233461715 -3.564164966559992
 -0.7444435612764916 -0.1621767827864334 -0.7107814251588779 2.78028369747044 4.905341650526505 -0.88170985159229 -4.156066331645311 3.713003318864595 -0.5141226561955353 0.6570469343419461
 -4.481412289253079 -4.901784112749327 -0.6139389233658471 0.9483196023195051 -1.425804754585942 4.194178956337215 -2.819288028312934 3.069526624367817 3.60235028710009 3.415866535379016
 0.902976030600301 -1.696567501326149 1.05517943153108 2.471054281607933 -0.647304954900137 -4.096527010058773 -4.253053540962281 -2.628771928670683 -3.415249978109435 -1.232331262769302
 -0.8705168464137741 4.003588391556262 -4.846924859068275 0.5796103715564871 -2.958035436801487 -2.51818097647015 -1.551550694201768 2.712889817529673 -0.7167739099147247 -2.145832501048805
 -1.34800607869159 -0.9736929384523235 -0.5340743196024594 -3.836643883383742 0.9254264218783903 -3.240437305615831 -3.336969790014872 -4.213285075845258 0.4667394021838633 -4.779510148885146
 -4.943059074909955 -0.2819360685331845 -4.864713237000839 2.477150948363568 3.093422112729685 -4.162555754843487 -2.701327520920594 -2.575243477889471 -3.794342617533413 0.4772913881860885
 0.3453570625812765 0.005846947132266425 -2.51109671970801 0.1229755060219817 -0.05269397790027808 0.2364499697957332 -1.067370487849733 0.1304163325436337 -1.932119309486809 0.1977450595514714
 0.2972518146300293 -0.0503056998509035 3.382242252696635 0.2044093237076408 0.2012186152101566 0.08620013488535075 -1.441554708426946 0.05190817603383407 0.06875082332046631 -0.8709787088716943
 -0.1219442141604296 0.2452738220874369 0.6812121143898182 0.03867773335304212 0.07966336275593248 0.0244498155260963 0.5720373923050074 0.1791702054686056 -0.5620602793434578 -0.7721452506946775
 -0.06599845570677321 0.1481107060043937 6.063192339657537 -0.05670676529312366 -0.1833091411246843 -0.05112930148105681 -0.7511397061558664 -0.01669885169542742 0.07956081080931798 -0.1082030136951148
 -0.2683265736820136 -0.2298918725327674 -9.536896902700354 0.1151435149775031 -0.1115955191046562 0.1168026736013007 -0.6037088867127773 0.1290316051113546 0.3114127562965901 0.3645345887761454
 -0.01533594487427602 -0.07173704117292978 -1.942045640127717 -0.2267210415352068 0.1073031107901615 -0.1385808583505022 -0.2441462358754642 -0.1614396661891418 -0.2597031740891956 0.1331974156560097
 -0.04282223180426895 -0.4284857184445776 1.836264822952517 -0.1166023181336204 0.004450885825410691 -0.1032400633666515 1.540949735520378 0.1647075963383879 0.3747755594304817 -0.1944925650998511
 0.02082579604558167 0.07959526802405287 -2.322862988841774 0.1305075488433647 0.2257969364750208 -0.1430753882582333 1.573746053594021 -0.1564224033097782 0.0253192231036544 -0.2654094703543168
 -0.1766461915799701 0.1838192521697293 -0.6710749572690125 0.04349112734975164 0.3673426628379308 -0.1471467322401835 -0.3971515454417459 0.06456102642414571 -0.1893196352030654 -0.04248133328992651


