# Created by Octave 4.2.2, Sat Feb 01 12:05:29 2020 EET <luisto@Yoga-Nasu>
# name: trainingDataArray
# type: matrix
# rows: 8
# columns: 2
 -0.3374857772978851 -2.35862864640505
 3.10271585918254 -3.953071736881717
 -0.9804861370651058 -0.7660822975926179
 0.5181283883722365 -4.393194492034136
 0.1807019759197102 -0.5990554123531874
 -1.08210030381294 0.5390403324262857
 0.3419534352984744 0.1044628794634428
 -0.117701226512828 -0.3216222862252552


